bubblebottle 0 1 0.2833064531329488 153 360 217 396 0.10640346258878708 0.03765644505620003 0.04595791548490524 0.04510391035843609 0.21306755199997415 0.7480628381487633 2.997097933486517
playdough 0 0 0.2430863240426979 317 235 366 282 0.05372639745473862 0.05031304806470871 0.05031305178999901 0.07638085330538331 0.16836639707100623 0.745520157084554 -2.154937227184206
playdough 0 0 0.2470166570917881 349 150 397 199 0.053726401180028915 0.0503130666911602 0.0503130704164505 0.09926698353809965 0.15986920276992292 0.746257086606339 2.236603621623535
yoyo 0 0 0.30248623390169366 218 87 258 133 0.05349914729595184 0.03371802344918251 0.05349913612008095 0.1282679856265476 0.2153708967962032 0.8032804270678912 0.9764211208619793
skateboard 0 0 0.29778095553197215 142 281 190 320 0.010308071970939636 0.025295818224549294 0.06800779700279236 0.07237337093158394 0.23983142166449578 0.8162534145579604 3.109766574659689
playdough 0 0 0.19494743086316785 439 291 492 342 0.053726401180028915 0.0503130666911602 0.0503130704164505 0.05711363926032475 0.1270907107864884 0.7056496842230009 -2.3210842116891524
bubblebottle 0 0 0.2643393928463817 196 436 263 483 0.10640347003936768 0.03765644505620003 0.04595791548490524 0.021358951263923703 0.19490043028330378 0.7243684646169016 3.0529812360738338
skateboard 0 0 0.22559222366920714 322 372 384 397 0.010308071970939636 0.025295814499258995 0.06800778955221176 0.04276651507127979 0.16640560671965918 0.7486459481458392 -0.5692246308826217
skateboard 0 0 0.20581611623757876 407 302 448 363 0.010308071970939636 0.025295816361904144 0.06800779700279236 0.05554819524734494 0.14302989404268043 0.7349525632268032 1.4281698402712848
playdough 0 0 0.2603948670314905 295 171 343 219 0.053726401180028915 0.05031305178999901 0.05031305178999901 0.09543559054686618 0.17855691134574964 0.7598627156412934 -3.128800043632607
skateboard 0 1 0.2644766000148916 264 218 319 250 0.010308071970939636 0.02529582381248474 0.06800781190395355 0.08872194835538029 0.19368059314181055 0.786626158535555 2.872822390683043
skateboard 0 1 0.2664105072773948 212 389 238 445 0.010308071039617062 0.02529582381248474 0.06800780445337296 0.035060015596189986 0.20978533922310402 0.7793945235270618 -2.490629091270487
playdough 0 0 0.25661065798974847 231 382 283 430 0.05372639745473862 0.05031304806470871 0.05031305178999901 0.03730785463955409 0.19344813516805823 0.750823697726996 3.1356216756080433
playdough 0 0 0.23230516885359978 328 285 377 333 0.053726401180028915 0.05031304433941841 0.050313059240579605 0.06208681073368163 0.1627754211843914 0.7363980212289548 -0.14373644341493855
skateboard 0 0 0.2320652152408523 363 212 420 256 0.010308070108294487 0.025295816361904144 0.06800778210163116 0.08462089118197201 0.1575890694798692 0.7568945857977786 0.010648979322406632
yoyo 0 1 0.28202667604916476 204 232 254 285 0.05349914729595184 0.03371802344918251 0.05349914729595184 0.08134432742384598 0.21086065016606884 0.7800068789614459 0.42493345296854224
playdough 0 0 0.24655385377357905 281 303 331 350 0.053726401180028915 0.05031305551528931 0.050313059240579605 0.058481552785661056 0.1787393937251894 0.7472493370496209 0.6962552161159283
bubblebottle 0 1 0.2698791346535425 195 351 263 388 0.10640347003936768 0.037656452506780624 0.04595791921019554 0.04653998480758579 0.1986794673072376 0.7376606108994339 3.140738862618666
rubikscube 0 1 0.2687051579072648 248 248 280 282 0.02974327839910984 0.029743287712335587 0.029743297025561333 0.07920048277941519 0.19987321835968777 0.7807577973790895 2.8928750789465
yoyo 0 0 0.2403111055557296 276 388 332 445 0.05349913612008095 0.03371803089976311 0.05349914729595184 0.033503525671904205 0.17724445839329964 0.7361181891705891 -2.859630955759435
yoyo 0 1 0.2567893358547748 281 236 322 289 0.053499143570661545 0.03371802717447281 0.05349914729595184 0.07744835493531686 0.18303442155576685 0.7568767519623234 -2.398516058731584
yoyo 0 1 0.26205027078010346 232 317 284 363 0.05349914729595184 0.03371802344918251 0.053499139845371246 0.05598074683903622 0.19593261393662678 0.759728704792282 -0.9698444437976542
